0.0001584816530080	-0.0000098961631861	0.0000082163205885	0.0000004026554844	-0.0000012059283115	-0.0000735003668735	-0.0000113696055374	0.0001584816530078	-0.0000098961631861	0.0000082163205885	-0.0000024144749941	-0.0001470078954304	-0.0000227401346729	0.0000000000000002	0.0000000000000000	0.0000000000000000	-0.0000040438281830	-0.0000017128414311	0.0000000000000000	0.0000000000000002	0.0000000000000000	0.0000000000000000	0.0000042181454261	-0.0000029068516529	0.0000000000000000	0.0000000000000002	0.0000000000000000	0.0000000000000000	-0.0000009169879542	0.0000103879147911	0.0000000000000000	0.0000000000000002	0.0000000000000000	0.0000000000000000	-0.0000068405456154	-0.0000104918784857	0.0000000000000000	0.0000000000000002	0.0000000000000000	0.0000000000000000	0.0000015970725291	0.0000118520222877	0.0000000000000000	0.0000000000000002	0.0000000000000000	0.0000000000000000	0.0000015972013695	0.0000082686628225	0.0000000000000000	0.0000000000000002	0.0000000000000000	0.0000000000000000	0.0000006846869822	-0.0000010768868347	0.0000000000000000	0.0000000000000002	0.0000000000000000	0.0000000000000000	0.0000045725385373	0.0000033269112220	0.0000000000000000	0.0000000000000002	0.0000000000000000	0.0000000000000000	-0.0000000000000000	0.0000000000000000	0.0000000000000000	0.0000000000000002	0.0000000000000000	0.0000000000000000	-0.0000131931975173	-0.0000136464754754	0.0000000000000000	0.0000000000000002	0.0000000000000000	0.0000000000000000	0.0000041132353660	0.0000079599500909	0.0000000000000000	0.0000000000000002	0.0000000000000000	0.0000000000000000	0.0000070742370214	-0.0000114215879731	0.0000000000000000	
-0.0000098961631861	0.0001381297822112	0.0000182890718581	-0.0000002412116070	0.0000723152976184	0.0000012915997260	0.0000057451782192	-0.0000098961631861	0.0001381297822110	0.0000182890718581	0.0001446349557401	0.0000025858229499	0.0000114908681575	0.0000000000000000	0.0000000000000002	0.0000000000000000	0.0000015946280573	-0.0000046422709233	0.0000000000000000	0.0000000000000000	0.0000000000000002	0.0000000000000000	0.0000020985761444	0.0000026425270145	0.0000000000000000	0.0000000000000000	0.0000000000000002	0.0000000000000000	-0.0000089501274289	-0.0000038006741223	0.0000000000000000	0.0000000000000000	0.0000000000000002	0.0000000000000000	0.0000096864288355	-0.0000064302738546	0.0000000000000000	0.0000000000000000	0.0000000000000002	0.0000000000000000	-0.0000118083090660	-0.0000002626627889	0.0000000000000000	0.0000000000000000	0.0000000000000002	0.0000000000000000	-0.0000079364629629	-0.0000001233857500	0.0000000000000000	0.0000000000000000	0.0000000000000002	0.0000000000000000	0.0000007429360229	-0.0000005331133068	0.0000000000000000	0.0000000000000000	0.0000000000000002	0.0000000000000000	-0.0000031956284775	0.0000025263038009	0.0000000000000000	0.0000000000000000	0.0000000000000002	0.0000000000000000	-0.0000000000000000	-0.0000000000000000	0.0000000000000000	0.0000000000000000	0.0000000000000002	0.0000000000000000	0.0000162364898241	-0.0000116068322572	0.0000000000000000	0.0000000000000000	0.0000000000000002	0.0000000000000000	-0.0000078233439641	0.0000020005148320	0.0000000000000000	0.0000000000000000	0.0000000000000002	0.0000000000000000	0.0000098907631644	0.0000056021873583	0.0000000000000000	
0.0000082163205885	0.0000182890718581	0.0000293197003805	0.0000000040999080	0.0000112655999181	-0.0000075047453384	-0.0000000710122620	0.0000082163205885	0.0000182890718581	0.0000293197003802	0.0000225316129875	-0.0000150098270809	-0.0000001420321830	0.0000000000000000	0.0000000000000000	0.0000000000000002	0.0000036494919874	0.0000003033160605	0.0000000000000000	0.0000000000000000	0.0000000000000000	0.0000000000000002	0.0000018961288826	0.0000029941416192	0.0000000000000000	0.0000000000000000	0.0000000000000000	0.0000000000000002	-0.0000095711957600	0.0000023151605663	0.0000000000000000	0.0000000000000000	0.0000000000000000	0.0000000000000002	0.0000061454812546	0.0000011522291985	0.0000000000000000	0.0000000000000000	0.0000000000000000	0.0000000000000002	0.0000015208819950	-0.0000029765802565	0.0000000000000000	0.0000000000000000	0.0000000000000000	0.0000000000000002	0.0000011278632435	-0.0000022273208294	0.0000000000000000	0.0000000000000000	0.0000000000000000	0.0000000000000002	0.0000022535386915	0.0000012469591866	0.0000000000000000	0.0000000000000000	0.0000000000000000	0.0000000000000002	-0.0000012491322607	-0.0000002261654971	0.0000000000000000	0.0000000000000000	0.0000000000000000	0.0000000000000002	-0.0000000000000000	-0.0000000000000000	0.0000000000000000	0.0000000000000000	0.0000000000000000	0.0000000000000002	-0.0000108934376816	-0.0000057500408993	0.0000000000000000	0.0000000000000000	0.0000000000000000	0.0000000000000002	0.0000004304066694	-0.0000024653614268	0.0000000000000000	0.0000000000000000	0.0000000000000000	0.0000000000000002	0.0000048889784951	0.0000051497322270	0.0000000000000000	
0.0000004026554844	-0.0000002412116070	0.0000000040999080	0.0000000014227959	-0.0000001213517211	-0.0000001904288932	-0.0000000329505414	0.0000004026554844	-0.0000002412116070	0.0000000040999080	-0.0000002427172607	-0.0000003808803905	-0.0000000659040647	0.0000000000000000	0.0000000000000000	0.0000000000000000	-0.0000000178384770	0.0000000010220901	0.0000000000000000	0.0000000000000000	0.0000000000000000	0.0000000000000000	-0.0000000003131598	-0.0000000137060050	0.0000000000000000	0.0000000000000000	0.0000000000000000	0.0000000000000000	0.0000000004037574	0.0000000258493780	0.0000000000000000	0.0000000000000000	0.0000000000000000	0.0000000000000000	-0.0000000377309278	-0.0000000160681721	0.0000000000000000	0.0000000000000000	0.0000000000000000	0.0000000000000000	0.0000000193869197	0.0000000245274506	0.0000000000000000	0.0000000000000000	0.0000000000000000	0.0000000000000000	0.0000000121294833	0.0000000156425726	0.0000000000000000	0.0000000000000000	0.0000000000000000	0.0000000000000000	-0.0000000058286547	-0.0000000045350274	0.0000000000000000	0.0000000000000000	0.0000000000000000	0.0000000000000000	0.0000000091808041	-0.0000000009693905	0.0000000000000000	0.0000000000000000	0.0000000000000000	0.0000000000000000	-0.0000000000000000	-0.0000000000000000	0.0000000000000000	0.0000000000000000	0.0000000000000000	0.0000000000000000	-0.0000000712659623	-0.0000000234419011	0.0000000000000000	0.0000000000000000	0.0000000000000000	0.0000000000000000	0.0000000178270231	0.0000000108936491	0.0000000000000000	0.0000000000000000	0.0000000000000000	0.0000000000000000	-0.0000000060848115	-0.0000000374533825	0.0000000000000000	
-0.0000012059283115	0.0000723152976184	0.0000112655999181	-0.0000001213517211	0.0000398164261862	-0.0000012305376905	0.0000013154167503	-0.0000012059283115	0.0000723152976184	0.0000112655999181	0.0000796351800711	-0.0000024598288480	0.0000026310295235	0.0000000000000000	0.0000000000000000	0.0000000000000000	0.0000010403981435	-0.0000016539977561	0.0000000000000000	0.0000000000000000	0.0000000000000000	0.0000000000000000	0.0000016407719306	0.0000026610815562	0.0000000000000000	0.0000000000000000	0.0000000000000000	0.0000000000000000	-0.0000050191904986	0.0000005656555544	0.0000000000000000	0.0000000000000000	0.0000000000000000	0.0000000000000000	0.0000056819289705	-0.0000029830873963	0.0000000000000000	0.0000000000000000	0.0000000000000000	0.0000000000000000	-0.0000068204991916	0.0000008901025406	0.0000000000000000	0.0000000000000000	0.0000000000000000	0.0000000000000000	-0.0000045902043469	0.0000010534410402	0.0000000000000000	0.0000000000000000	0.0000000000000000	0.0000000000000000	0.0000006668031838	0.0000008215342667	0.0000000000000000	0.0000000000000000	0.0000000000000000	0.0000000000000000	-0.0000017881475001	0.0000028861519140	0.0000000000000000	0.0000000000000000	0.0000000000000000	0.0000000000000000	0.0000000000000000	0.0000000000000004	0.0000000000000000	0.0000000000000000	0.0000000000000000	0.0000000000000000	0.0000076721423788	-0.0000043596458098	0.0000000000000000	0.0000000000000000	0.0000000000000000	0.0000000000000000	-0.0000045700713319	0.0000022752605226	0.0000000000000000	0.0000000000000000	0.0000000000000000	0.0000000000000000	0.0000063680616913	0.0000039181345547	0.0000000000000000	
-0.0000735003668735	0.0000012915997260	-0.0000075047453384	-0.0000001904288932	-0.0000012305376905	0.0000359162288423	0.0000046842805251	-0.0000735003668735	0.0000012915997260	-0.0000075047453384	-0.0000024599072976	0.0000718358897399	0.0000093689708331	0.0000000000000000	0.0000000000000000	0.0000000000000000	0.0000027356940060	0.0000006259764543	0.0000000000000000	0.0000000000000000	0.0000000000000000	0.0000000000000000	-0.0000007688193687	0.0000008907626754	0.0000000000000000	0.0000000000000000	0.0000000000000000	0.0000000000000000	0.0000030394693847	-0.0000047155667802	0.0000000000000000	0.0000000000000000	0.0000000000000000	0.0000000000000000	0.0000037290258646	0.0000044977400354	0.0000000000000000	0.0000000000000000	0.0000000000000000	0.0000000000000000	0.0000002909937571	-0.0000051745869069	0.0000000000000000	0.0000000000000000	0.0000000000000000	0.0000000000000000	0.0000003628972639	-0.0000035962165628	0.0000000000000000	0.0000000000000000	0.0000000000000000	0.0000000000000000	0.0000007585695457	0.0000002556754557	0.0000000000000000	0.0000000000000000	0.0000000000000000	0.0000000000000000	-0.0000006524236730	-0.0000014749960708	0.0000000000000000	0.0000000000000000	0.0000000000000000	0.0000000000000000	0.0000000000000004	-0.0000000000000000	0.0000000000000000	0.0000000000000000	0.0000000000000000	0.0000000000000000	0.0000084660138132	0.0000074463637204	0.0000000000000000	0.0000000000000000	0.0000000000000000	0.0000000000000000	-0.0000007274067871	-0.0000034046367390	0.0000000000000000	0.0000000000000000	0.0000000000000000	0.0000000000000000	-0.0000023929352842	0.0000044503217015	0.0000000000000000	
-0.0000113696055374	0.0000057451782192	-0.0000000710122620	-0.0000000329505414	0.0000013154167503	0.0000046842805251	0.0000063160388799	-0.0000113696055374	0.0000057451782192	-0.0000000710122620	0.0000026310952198	0.0000093690952271	0.0000126323633678	0.0000000000000000	0.0000000000000000	0.0000000000000000	-0.0000001252286372	0.0000015432893053	0.0000000000000000	0.0000000000000000	0.0000000000000000	0.0000000000000000	-0.0000013836803716	0.0000007687002092	0.0000000000000000	0.0000000000000000	0.0000000000000000	0.0000000000000000	-0.0000009883865067	-0.0000041997513259	0.0000000000000000	0.0000000000000000	0.0000000000000000	0.0000000000000000	-0.0000005036805386	0.0000026891956295	0.0000000000000000	0.0000000000000000	0.0000000000000000	0.0000000000000000	0.0000014058914076	0.0000003856779008	0.0000000000000000	0.0000000000000000	0.0000000000000000	0.0000000000000000	0.0000009912914221	0.0000002932254055	0.0000000000000000	0.0000000000000000	0.0000000000000000	0.0000000000000000	-0.0000005808249237	0.0000009194359984	0.0000000000000000	0.0000000000000000	0.0000000000000000	0.0000000000000000	0.0000000140989947	-0.0000006351607586	0.0000000000000000	0.0000000000000000	0.0000000000000000	0.0000000000000000	0.0000000000000001	-0.0000000000000000	0.0000000000000000	0.0000000000000000	0.0000000000000000	0.0000000000000000	0.0000027078306731	-0.0000039484528744	0.0000000000000000	0.0000000000000000	0.0000000000000000	0.0000000000000000	0.0000010809804498	0.0000000013089625	0.0000000000000000	0.0000000000000000	0.0000000000000000	0.0000000000000000	-0.0000024900689168	0.0000020235517558	0.0000000000000000	
0.0001584816530078	-0.0000098961631861	0.0000082163205885	0.0000004026554844	-0.0000012059283115	-0.0000735003668735	-0.0000113696055374	0.0001584816530078	-0.0000098961631861	0.0000082163205885	-0.0000024144749941	-0.0001470078954304	-0.0000227401346729	0.0000000000000000	0.0000000000000000	0.0000000000000000	-0.0000040438281830	-0.0000017128414311	0.0000000000000000	0.0000000000000000	0.0000000000000000	0.0000000000000000	0.0000042181454261	-0.0000029068516529	0.0000000000000000	0.0000000000000000	0.0000000000000000	0.0000000000000000	-0.0000009169879542	0.0000103879147911	0.0000000000000000	0.0000000000000000	0.0000000000000000	0.0000000000000000	-0.0000068405456154	-0.0000104918784857	0.0000000000000000	0.0000000000000000	0.0000000000000000	0.0000000000000000	0.0000015970725291	0.0000118520222877	0.0000000000000000	0.0000000000000000	0.0000000000000000	0.0000000000000000	0.0000015972013695	0.0000082686628225	0.0000000000000000	0.0000000000000000	0.0000000000000000	0.0000000000000000	0.0000006846869822	-0.0000010768868347	0.0000000000000000	0.0000000000000000	0.0000000000000000	0.0000000000000000	0.0000045725385373	0.0000033269112220	0.0000000000000000	0.0000000000000000	0.0000000000000000	0.0000000000000000	-0.0000000000000000	0.0000000000000000	0.0000000000000000	0.0000000000000000	0.0000000000000000	0.0000000000000000	-0.0000131931975173	-0.0000136464754754	0.0000000000000000	0.0000000000000000	0.0000000000000000	0.0000000000000000	0.0000041132353660	0.0000079599500909	0.0000000000000000	0.0000000000000000	0.0000000000000000	0.0000000000000000	0.0000070742370214	-0.0000114215879731	0.0000000000000000	
-0.0000098961631861	0.0001381297822110	0.0000182890718581	-0.0000002412116070	0.0000723152976184	0.0000012915997260	0.0000057451782192	-0.0000098961631861	0.0001381297822110	0.0000182890718581	0.0001446349557401	0.0000025858229499	0.0000114908681575	0.0000000000000000	0.0000000000000000	0.0000000000000000	0.0000015946280573	-0.0000046422709233	0.0000000000000000	0.0000000000000000	0.0000000000000000	0.0000000000000000	0.0000020985761444	0.0000026425270145	0.0000000000000000	0.0000000000000000	0.0000000000000000	0.0000000000000000	-0.0000089501274289	-0.0000038006741223	0.0000000000000000	0.0000000000000000	0.0000000000000000	0.0000000000000000	0.0000096864288355	-0.0000064302738546	0.0000000000000000	0.0000000000000000	0.0000000000000000	0.0000000000000000	-0.0000118083090660	-0.0000002626627889	0.0000000000000000	0.0000000000000000	0.0000000000000000	0.0000000000000000	-0.0000079364629629	-0.0000001233857500	0.0000000000000000	0.0000000000000000	0.0000000000000000	0.0000000000000000	0.0000007429360229	-0.0000005331133068	0.0000000000000000	0.0000000000000000	0.0000000000000000	0.0000000000000000	-0.0000031956284775	0.0000025263038009	0.0000000000000000	0.0000000000000000	0.0000000000000000	0.0000000000000000	-0.0000000000000000	-0.0000000000000000	0.0000000000000000	0.0000000000000000	0.0000000000000000	0.0000000000000000	0.0000162364898241	-0.0000116068322572	0.0000000000000000	0.0000000000000000	0.0000000000000000	0.0000000000000000	-0.0000078233439641	0.0000020005148320	0.0000000000000000	0.0000000000000000	0.0000000000000000	0.0000000000000000	0.0000098907631644	0.0000056021873583	0.0000000000000000	
0.0000082163205885	0.0000182890718581	0.0000293197003802	0.0000000040999080	0.0000112655999181	-0.0000075047453384	-0.0000000710122620	0.0000082163205885	0.0000182890718581	0.0000293197003802	0.0000225316129875	-0.0000150098270809	-0.0000001420321830	0.0000000000000000	0.0000000000000000	0.0000000000000000	0.0000036494919874	0.0000003033160605	0.0000000000000000	0.0000000000000000	0.0000000000000000	0.0000000000000000	0.0000018961288826	0.0000029941416192	0.0000000000000000	0.0000000000000000	0.0000000000000000	0.0000000000000000	-0.0000095711957600	0.0000023151605663	0.0000000000000000	0.0000000000000000	0.0000000000000000	0.0000000000000000	0.0000061454812546	0.0000011522291985	0.0000000000000000	0.0000000000000000	0.0000000000000000	0.0000000000000000	0.0000015208819950	-0.0000029765802565	0.0000000000000000	0.0000000000000000	0.0000000000000000	0.0000000000000000	0.0000011278632435	-0.0000022273208294	0.0000000000000000	0.0000000000000000	0.0000000000000000	0.0000000000000000	0.0000022535386915	0.0000012469591866	0.0000000000000000	0.0000000000000000	0.0000000000000000	0.0000000000000000	-0.0000012491322607	-0.0000002261654971	0.0000000000000000	0.0000000000000000	0.0000000000000000	0.0000000000000000	-0.0000000000000000	-0.0000000000000000	0.0000000000000000	0.0000000000000000	0.0000000000000000	0.0000000000000000	-0.0000108934376816	-0.0000057500408993	0.0000000000000000	0.0000000000000000	0.0000000000000000	0.0000000000000000	0.0000004304066694	-0.0000024653614268	0.0000000000000000	0.0000000000000000	0.0000000000000000	0.0000000000000000	0.0000048889784951	0.0000051497322270	0.0000000000000000	
-0.0000024144749941	0.0001446349557401	0.0000225316129875	-0.0000002427172607	0.0000796351800711	-0.0000024599072976	0.0000026310952198	-0.0000024144749941	0.0001446349557401	0.0000225316129875	0.0001592750157197	-0.0000049173213362	0.0000052625825122	0.0000000000000000	0.0000000000000000	0.0000000000000000	0.0000020809507761	-0.0000033080665422	0.0000000000000000	0.0000000000000000	0.0000000000000000	0.0000000000000000	0.0000032816098475	0.0000053223544138	0.0000000000000000	0.0000000000000000	0.0000000000000000	0.0000000000000000	-0.0000100385793129	0.0000011311680941	0.0000000000000000	0.0000000000000000	0.0000000000000000	0.0000000000000000	0.0000113643204717	-0.0000059661885163	0.0000000000000000	0.0000000000000000	0.0000000000000000	0.0000000000000000	-0.0000136413881715	0.0000017800831611	0.0000000000000000	0.0000000000000000	0.0000000000000000	0.0000000000000000	-0.0000091806651598	0.0000021068232685	0.0000000000000000	0.0000000000000000	0.0000000000000000	0.0000000000000000	0.0000013336695930	0.0000016431295312	0.0000000000000000	0.0000000000000000	0.0000000000000000	0.0000000000000000	-0.0000035764233622	0.0000057724225711	0.0000000000000000	0.0000000000000000	0.0000000000000000	0.0000000000000000	-0.0000000000000000	-0.0000000000000000	0.0000000000000000	0.0000000000000000	0.0000000000000000	0.0000000000000000	0.0000153450390554	-0.0000087193119376	0.0000000000000000	0.0000000000000000	0.0000000000000000	0.0000000000000000	-0.0000091404347289	0.0000045505402080	0.0000000000000000	0.0000000000000000	0.0000000000000000	0.0000000000000000	0.0000127364105801	0.0000078366610830	0.0000000000000000	
-0.0001470078954304	0.0000025858229499	-0.0000150098270809	-0.0000003808803905	-0.0000024598288480	0.0000718358897399	0.0000093690952271	-0.0001470078954304	0.0000025858229499	-0.0000150098270809	-0.0000049173213362	0.0001436786439661	0.0000187390100677	0.0000000000000000	0.0000000000000000	0.0000000000000000	0.0000054716849892	0.0000012519664170	0.0000000000000000	0.0000000000000000	0.0000000000000000	0.0000000000000000	-0.0000015376653799	0.0000017817062976	0.0000000000000000	0.0000000000000000	0.0000000000000000	0.0000000000000000	0.0000060790529939	-0.0000094315932056	0.0000000000000000	0.0000000000000000	0.0000000000000000	0.0000000000000000	0.0000074585996472	0.0000089958268800	0.0000000000000000	0.0000000000000000	0.0000000000000000	0.0000000000000000	0.0000005817920513	-0.0000103496372581	0.0000000000000000	0.0000000000000000	0.0000000000000000	0.0000000000000000	0.0000007256792876	-0.0000071927402374	0.0000000000000000	0.0000000000000000	0.0000000000000000	0.0000000000000000	0.0000015172308503	0.0000005114092597	0.0000000000000000	0.0000000000000000	0.0000000000000000	0.0000000000000000	-0.0000013049707262	-0.0000029500393221	0.0000000000000000	0.0000000000000000	0.0000000000000000	0.0000000000000000	0.0000000000000000	-0.0000000000000000	0.0000000000000000	0.0000000000000000	0.0000000000000000	0.0000000000000000	0.0000169331180118	0.0000148932678992	0.0000000000000000	0.0000000000000000	0.0000000000000000	0.0000000000000000	-0.0000014550321124	-0.0000068095224595	0.0000000000000000	0.0000000000000000	0.0000000000000000	0.0000000000000000	-0.0000047858989786	0.0000089012164901	0.0000000000000000	
-0.0000227401346729	0.0000114908681575	-0.0000001420321830	-0.0000000659040647	0.0000026310295235	0.0000093689708331	0.0000126323633678	-0.0000227401346729	0.0000114908681575	-0.0000001420321830	0.0000052625825122	0.0000187390100677	0.0000252652979671	0.0000000000000000	0.0000000000000000	0.0000000000000000	-0.0000002504408838	0.0000030866375761	0.0000000000000000	0.0000000000000000	0.0000000000000000	0.0000000000000000	-0.0000027674143300	0.0000015374467415	0.0000000000000000	0.0000000000000000	0.0000000000000000	0.0000000000000000	-0.0000019768120397	-0.0000083996972605	0.0000000000000000	0.0000000000000000	0.0000000000000000	0.0000000000000000	-0.0000010073357214	0.0000053785152940	0.0000000000000000	0.0000000000000000	0.0000000000000000	0.0000000000000000	0.0000028118145205	0.0000007713415902	0.0000000000000000	0.0000000000000000	0.0000000000000000	0.0000000000000000	0.0000019826070364	0.0000005864435904	0.0000000000000000	0.0000000000000000	0.0000000000000000	0.0000000000000000	-0.0000011616655470	0.0000018389132608	0.0000000000000000	0.0000000000000000	0.0000000000000000	0.0000000000000000	0.0000000281875899	-0.0000012703451312	0.0000000000000000	0.0000000000000000	0.0000000000000000	0.0000000000000000	0.0000000000000000	-0.0000000000000000	0.0000000000000000	0.0000000000000000	0.0000000000000000	0.0000000000000000	0.0000054158519373	-0.0000078970317721	0.0000000000000000	0.0000000000000000	0.0000000000000000	0.0000000000000000	0.0000021619817945	0.0000000026049840	0.0000000000000000	0.0000000000000000	0.0000000000000000	0.0000000000000000	-0.0000049802276837	0.0000040472270923	0.0000000000000000	
0.0000000000000002	0.0000000000000000	0.0000000000000000	0.0000000000000000	0.0000000000000000	0.0000000000000000	0.0000000000000000	0.0000000000000000	0.0000000000000000	0.0000000000000000	0.0000000000000000	0.0000000000000000	0.0000000000000000	0.0000000000000002	0.0000000000000000	0.0000000000000000	0.0000000000000000	0.0000000000000000	0.0000000000000000	0.0000000000000002	0.0000000000000000	0.0000000000000000	0.0000000000000000	0.0000000000000000	0.0000000000000000	0.0000000000000002	0.0000000000000000	0.0000000000000000	0.0000000000000000	0.0000000000000000	0.0000000000000000	0.0000000000000002	0.0000000000000000	0.0000000000000000	0.0000000000000000	0.0000000000000000	0.0000000000000000	0.0000000000000002	0.0000000000000000	0.0000000000000000	0.0000000000000000	0.0000000000000000	0.0000000000000000	0.0000000000000002	0.0000000000000000	0.0000000000000000	0.0000000000000000	0.0000000000000000	0.0000000000000000	0.0000000000000002	0.0000000000000000	0.0000000000000000	0.0000000000000000	0.0000000000000000	0.0000000000000000	0.0000000000000002	0.0000000000000000	0.0000000000000000	0.0000000000000000	0.0000000000000000	0.0000000000000000	0.0000000000000002	0.0000000000000000	0.0000000000000000	0.0000000000000000	0.0000000000000000	0.0000000000000000	0.0000000000000002	0.0000000000000000	0.0000000000000000	0.0000000000000000	0.0000000000000000	0.0000000000000000	0.0000000000000002	0.0000000000000000	0.0000000000000000	0.0000000000000000	0.0000000000000000	0.0000000000000000	0.0000000000000002	0.0000000000000000	0.0000000000000000	0.0000000000000000	0.0000000000000000	0.0000000000000000	
0.0000000000000000	0.0000000000000002	0.0000000000000000	0.0000000000000000	0.0000000000000000	0.0000000000000000	0.0000000000000000	0.0000000000000000	0.0000000000000000	0.0000000000000000	0.0000000000000000	0.0000000000000000	0.0000000000000000	0.0000000000000000	0.0000000000000002	0.0000000000000000	0.0000000000000000	0.0000000000000000	0.0000000000000000	0.0000000000000000	0.0000000000000002	0.0000000000000000	0.0000000000000000	0.0000000000000000	0.0000000000000000	0.0000000000000000	0.0000000000000002	0.0000000000000000	0.0000000000000000	0.0000000000000000	0.0000000000000000	0.0000000000000000	0.0000000000000002	0.0000000000000000	0.0000000000000000	0.0000000000000000	0.0000000000000000	0.0000000000000000	0.0000000000000002	0.0000000000000000	0.0000000000000000	0.0000000000000000	0.0000000000000000	0.0000000000000000	0.0000000000000002	0.0000000000000000	0.0000000000000000	0.0000000000000000	0.0000000000000000	0.0000000000000000	0.0000000000000002	0.0000000000000000	0.0000000000000000	0.0000000000000000	0.0000000000000000	0.0000000000000000	0.0000000000000002	0.0000000000000000	0.0000000000000000	0.0000000000000000	0.0000000000000000	0.0000000000000000	0.0000000000000002	0.0000000000000000	0.0000000000000000	0.0000000000000000	0.0000000000000000	0.0000000000000000	0.0000000000000002	0.0000000000000000	0.0000000000000000	0.0000000000000000	0.0000000000000000	0.0000000000000000	0.0000000000000002	0.0000000000000000	0.0000000000000000	0.0000000000000000	0.0000000000000000	0.0000000000000000	0.0000000000000002	0.0000000000000000	0.0000000000000000	0.0000000000000000	0.0000000000000000	
0.0000000000000000	0.0000000000000000	0.0000000000000002	0.0000000000000000	0.0000000000000000	0.0000000000000000	0.0000000000000000	0.0000000000000000	0.0000000000000000	0.0000000000000000	0.0000000000000000	0.0000000000000000	0.0000000000000000	0.0000000000000000	0.0000000000000000	0.0000000000000002	0.0000000000000000	0.0000000000000000	0.0000000000000000	0.0000000000000000	0.0000000000000000	0.0000000000000002	0.0000000000000000	0.0000000000000000	0.0000000000000000	0.0000000000000000	0.0000000000000000	0.0000000000000002	0.0000000000000000	0.0000000000000000	0.0000000000000000	0.0000000000000000	0.0000000000000000	0.0000000000000002	0.0000000000000000	0.0000000000000000	0.0000000000000000	0.0000000000000000	0.0000000000000000	0.0000000000000002	0.0000000000000000	0.0000000000000000	0.0000000000000000	0.0000000000000000	0.0000000000000000	0.0000000000000002	0.0000000000000000	0.0000000000000000	0.0000000000000000	0.0000000000000000	0.0000000000000000	0.0000000000000002	0.0000000000000000	0.0000000000000000	0.0000000000000000	0.0000000000000000	0.0000000000000000	0.0000000000000002	0.0000000000000000	0.0000000000000000	0.0000000000000000	0.0000000000000000	0.0000000000000000	0.0000000000000002	0.0000000000000000	0.0000000000000000	0.0000000000000000	0.0000000000000000	0.0000000000000000	0.0000000000000002	0.0000000000000000	0.0000000000000000	0.0000000000000000	0.0000000000000000	0.0000000000000000	0.0000000000000002	0.0000000000000000	0.0000000000000000	0.0000000000000000	0.0000000000000000	0.0000000000000000	0.0000000000000002	0.0000000000000000	0.0000000000000000	0.0000000000000000	
-0.0000040438281830	0.0000015946280573	0.0000036494919874	-0.0000000178384770	0.0000010403981435	0.0000027356940060	-0.0000001252286372	-0.0000040438281830	0.0000015946280573	0.0000036494919874	0.0000020809507761	0.0000054716849892	-0.0000002504408838	0.0000000000000000	0.0000000000000000	0.0000000000000000	0.0000159378164761	-0.0000000308440997	0.0000000000000000	0.0000000000000000	0.0000000000000000	0.0000000000000000	0.0000015048804257	0.0000004360850608	0.0000000000000000	0.0000000000000000	0.0000000000000000	0.0000000000000000	0.0000001473286748	0.0000002746018242	0.0000000000000000	0.0000000000000000	0.0000000000000000	0.0000000000000000	0.0000024069256615	0.0000003757070894	0.0000000000000000	0.0000000000000000	0.0000000000000000	0.0000000000000000	0.0000014139910462	-0.0000009203995845	0.0000000000000000	0.0000000000000000	0.0000000000000000	0.0000000000000000	0.0000013685782342	-0.0000006697910027	0.0000000000000000	0.0000000000000000	0.0000000000000000	0.0000000000000000	0.0000016350387952	0.0000001292114185	0.0000000000000000	0.0000000000000000	0.0000000000000000	0.0000000000000000	0.0000009715898751	-0.0000001389195555	0.0000000000000000	0.0000000000000000	0.0000000000000000	0.0000000000000000	0.0000000000000009	-0.0000000000000000	0.0000000000000000	0.0000000000000000	0.0000000000000000	0.0000000000000000	-0.0000000254011073	0.0000001216939114	0.0000000000000000	0.0000000000000000	0.0000000000000000	0.0000000000000000	0.0000011650015736	-0.0000006802440364	0.0000000000000000	0.0000000000000000	0.0000000000000000	0.0000000000000000	0.0000018512822356	0.0000009466809598	0.0000000000000000	
-0.0000017128414311	-0.0000046422709233	0.0000003033160605	0.0000000010220901	-0.0000016539977561	0.0000006259764543	0.0000015432893053	-0.0000017128414311	-0.0000046422709233	0.0000003033160605	-0.0000033080665422	0.0000012519664170	0.0000030866375761	0.0000000000000000	0.0000000000000000	0.0000000000000000	-0.0000000308440997	0.0000137680373834	0.0000000000000000	0.0000000000000000	0.0000000000000000	0.0000000000000000	-0.0000003795617977	0.0000013274900160	0.0000000000000000	0.0000000000000000	0.0000000000000000	0.0000000000000000	-0.0000002781309739	0.0000001867569963	0.0000000000000000	0.0000000000000000	0.0000000000000000	0.0000000000000000	-0.0000003170275105	0.0000020641189734	0.0000000000000000	0.0000000000000000	0.0000000000000000	0.0000000000000000	0.0000008422064116	0.0000011312621717	0.0000000000000000	0.0000000000000000	0.0000000000000000	0.0000000000000000	0.0000005861402934	0.0000011403267612	0.0000000000000000	0.0000000000000000	0.0000000000000000	0.0000000000000000	-0.0000001172736760	0.0000014415850475	0.0000000000000000	0.0000000000000000	0.0000000000000000	0.0000000000000000	0.0000001005502936	0.0000008656207066	0.0000000000000000	0.0000000000000000	0.0000000000000000	0.0000000000000000	0.0000000000000001	0.0000000000000007	0.0000000000000000	0.0000000000000000	0.0000000000000000	0.0000000000000000	-0.0000001581943495	0.0000000075400619	0.0000000000000000	0.0000000000000000	0.0000000000000000	0.0000000000000000	0.0000006026710250	0.0000009638982006	0.0000000000000000	0.0000000000000000	0.0000000000000000	0.0000000000000000	-0.0000008429122549	0.0000015482154707	0.0000000000000000	
0.0000000000000000	0.0000000000000000	0.0000000000000000	0.0000000000000000	0.0000000000000000	0.0000000000000000	0.0000000000000000	0.0000000000000000	0.0000000000000000	0.0000000000000000	0.0000000000000000	0.0000000000000000	0.0000000000000000	0.0000000000000000	0.0000000000000000	0.0000000000000000	0.0000000000000000	0.0000000000000000	1.0000000000000000	0.0000000000000000	0.0000000000000000	0.0000000000000000	0.0000000000000000	0.0000000000000000	0.0000000000000000	0.0000000000000000	0.0000000000000000	0.0000000000000000	0.0000000000000000	0.0000000000000000	0.0000000000000000	0.0000000000000000	0.0000000000000000	0.0000000000000000	0.0000000000000000	0.0000000000000000	0.0000000000000000	0.0000000000000000	0.0000000000000000	0.0000000000000000	0.0000000000000000	0.0000000000000000	0.0000000000000000	0.0000000000000000	0.0000000000000000	0.0000000000000000	0.0000000000000000	0.0000000000000000	0.0000000000000000	0.0000000000000000	0.0000000000000000	0.0000000000000000	0.0000000000000000	0.0000000000000000	0.0000000000000000	0.0000000000000000	0.0000000000000000	0.0000000000000000	0.0000000000000000	0.0000000000000000	0.0000000000000000	0.0000000000000000	0.0000000000000000	0.0000000000000000	0.0000000000000000	0.0000000000000000	0.0000000000000000	0.0000000000000000	0.0000000000000000	0.0000000000000000	0.0000000000000000	0.0000000000000000	0.0000000000000000	0.0000000000000000	0.0000000000000000	0.0000000000000000	0.0000000000000000	0.0000000000000000	0.0000000000000000	0.0000000000000000	0.0000000000000000	0.0000000000000000	0.0000000000000000	0.0000000000000000	0.0000000000000000	
0.0000000000000002	0.0000000000000000	0.0000000000000000	0.0000000000000000	0.0000000000000000	0.0000000000000000	0.0000000000000000	0.0000000000000000	0.0000000000000000	0.0000000000000000	0.0000000000000000	0.0000000000000000	0.0000000000000000	0.0000000000000002	0.0000000000000000	0.0000000000000000	0.0000000000000000	0.0000000000000000	0.0000000000000000	0.0000000000000002	0.0000000000000000	0.0000000000000000	0.0000000000000000	0.0000000000000000	0.0000000000000000	0.0000000000000002	0.0000000000000000	0.0000000000000000	0.0000000000000000	0.0000000000000000	0.0000000000000000	0.0000000000000002	0.0000000000000000	0.0000000000000000	0.0000000000000000	0.0000000000000000	0.0000000000000000	0.0000000000000002	0.0000000000000000	0.0000000000000000	0.0000000000000000	0.0000000000000000	0.0000000000000000	0.0000000000000002	0.0000000000000000	0.0000000000000000	0.0000000000000000	0.0000000000000000	0.0000000000000000	0.0000000000000002	0.0000000000000000	0.0000000000000000	0.0000000000000000	0.0000000000000000	0.0000000000000000	0.0000000000000002	0.0000000000000000	0.0000000000000000	0.0000000000000000	0.0000000000000000	0.0000000000000000	0.0000000000000002	0.0000000000000000	0.0000000000000000	0.0000000000000000	0.0000000000000000	0.0000000000000000	0.0000000000000002	0.0000000000000000	0.0000000000000000	0.0000000000000000	0.0000000000000000	0.0000000000000000	0.0000000000000002	0.0000000000000000	0.0000000000000000	0.0000000000000000	0.0000000000000000	0.0000000000000000	0.0000000000000002	0.0000000000000000	0.0000000000000000	0.0000000000000000	0.0000000000000000	0.0000000000000000	
0.0000000000000000	0.0000000000000002	0.0000000000000000	0.0000000000000000	0.0000000000000000	0.0000000000000000	0.0000000000000000	0.0000000000000000	0.0000000000000000	0.0000000000000000	0.0000000000000000	0.0000000000000000	0.0000000000000000	0.0000000000000000	0.0000000000000002	0.0000000000000000	0.0000000000000000	0.0000000000000000	0.0000000000000000	0.0000000000000000	0.0000000000000002	0.0000000000000000	0.0000000000000000	0.0000000000000000	0.0000000000000000	0.0000000000000000	0.0000000000000002	0.0000000000000000	0.0000000000000000	0.0000000000000000	0.0000000000000000	0.0000000000000000	0.0000000000000002	0.0000000000000000	0.0000000000000000	0.0000000000000000	0.0000000000000000	0.0000000000000000	0.0000000000000002	0.0000000000000000	0.0000000000000000	0.0000000000000000	0.0000000000000000	0.0000000000000000	0.0000000000000002	0.0000000000000000	0.0000000000000000	0.0000000000000000	0.0000000000000000	0.0000000000000000	0.0000000000000002	0.0000000000000000	0.0000000000000000	0.0000000000000000	0.0000000000000000	0.0000000000000000	0.0000000000000002	0.0000000000000000	0.0000000000000000	0.0000000000000000	0.0000000000000000	0.0000000000000000	0.0000000000000002	0.0000000000000000	0.0000000000000000	0.0000000000000000	0.0000000000000000	0.0000000000000000	0.0000000000000002	0.0000000000000000	0.0000000000000000	0.0000000000000000	0.0000000000000000	0.0000000000000000	0.0000000000000002	0.0000000000000000	0.0000000000000000	0.0000000000000000	0.0000000000000000	0.0000000000000000	0.0000000000000002	0.0000000000000000	0.0000000000000000	0.0000000000000000	0.0000000000000000	
0.0000000000000000	0.0000000000000000	0.0000000000000002	0.0000000000000000	0.0000000000000000	0.0000000000000000	0.0000000000000000	0.0000000000000000	0.0000000000000000	0.0000000000000000	0.0000000000000000	0.0000000000000000	0.0000000000000000	0.0000000000000000	0.0000000000000000	0.0000000000000002	0.0000000000000000	0.0000000000000000	0.0000000000000000	0.0000000000000000	0.0000000000000000	0.0000000000000002	0.0000000000000000	0.0000000000000000	0.0000000000000000	0.0000000000000000	0.0000000000000000	0.0000000000000002	0.0000000000000000	0.0000000000000000	0.0000000000000000	0.0000000000000000	0.0000000000000000	0.0000000000000002	0.0000000000000000	0.0000000000000000	0.0000000000000000	0.0000000000000000	0.0000000000000000	0.0000000000000002	0.0000000000000000	0.0000000000000000	0.0000000000000000	0.0000000000000000	0.0000000000000000	0.0000000000000002	0.0000000000000000	0.0000000000000000	0.0000000000000000	0.0000000000000000	0.0000000000000000	0.0000000000000002	0.0000000000000000	0.0000000000000000	0.0000000000000000	0.0000000000000000	0.0000000000000000	0.0000000000000002	0.0000000000000000	0.0000000000000000	0.0000000000000000	0.0000000000000000	0.0000000000000000	0.0000000000000002	0.0000000000000000	0.0000000000000000	0.0000000000000000	0.0000000000000000	0.0000000000000000	0.0000000000000002	0.0000000000000000	0.0000000000000000	0.0000000000000000	0.0000000000000000	0.0000000000000000	0.0000000000000002	0.0000000000000000	0.0000000000000000	0.0000000000000000	0.0000000000000000	0.0000000000000000	0.0000000000000002	0.0000000000000000	0.0000000000000000	0.0000000000000000	
0.0000042181454261	0.0000020985761444	0.0000018961288826	-0.0000000003131598	0.0000016407719306	-0.0000007688193687	-0.0000013836803716	0.0000042181454261	0.0000020985761444	0.0000018961288826	0.0000032816098475	-0.0000015376653799	-0.0000027674143300	0.0000000000000000	0.0000000000000000	0.0000000000000000	0.0000015048804257	-0.0000003795617977	0.0000000000000000	0.0000000000000000	0.0000000000000000	0.0000000000000000	0.0000152308034553	0.0000002514438966	0.0000000000000000	0.0000000000000000	0.0000000000000000	0.0000000000000000	0.0000008670038610	0.0000011076998512	0.0000000000000000	0.0000000000000000	0.0000000000000000	0.0000000000000000	0.0000018392275886	-0.0000007067375773	0.0000000000000000	0.0000000000000000	0.0000000000000000	0.0000000000000000	0.0000008623144229	-0.0000000800070863	0.0000000000000000	0.0000000000000000	0.0000000000000000	0.0000000000000000	0.0000010075045609	-0.0000000525476803	0.0000000000000000	0.0000000000000000	0.0000000000000000	0.0000000000000000	0.0000015642439855	-0.0000001117751575	0.0000000000000000	0.0000000000000000	0.0000000000000000	0.0000000000000000	0.0000012224602101	0.0000002550816300	0.0000000000000000	0.0000000000000000	0.0000000000000000	0.0000000000000000	0.0000000000000009	0.0000000000000000	0.0000000000000000	0.0000000000000000	0.0000000000000000	0.0000000000000000	0.0000003571463552	0.0000002693619133	0.0000000000000000	0.0000000000000000	0.0000000000000000	0.0000000000000000	0.0000009795241534	0.0000000365015857	0.0000000000000000	0.0000000000000000	0.0000000000000000	0.0000000000000000	0.0000023482056359	-0.0000001440449963	0.0000000000000000	
-0.0000029068516529	0.0000026425270145	0.0000029941416192	-0.0000000137060050	0.0000026610815562	0.0000008907626754	0.0000007687002092	-0.0000029068516529	0.0000026425270145	0.0000029941416192	0.0000053223544138	0.0000017817062976	0.0000015374467415	0.0000000000000000	0.0000000000000000	0.0000000000000000	0.0000004360850608	0.0000013274900160	0.0000000000000000	0.0000000000000000	0.0000000000000000	0.0000000000000000	0.0000002514438966	0.0000144059290915	0.0000000000000000	0.0000000000000000	0.0000000000000000	0.0000000000000000	-0.0000011410970740	0.0000009042935737	0.0000000000000000	0.0000000000000000	0.0000000000000000	0.0000000000000000	0.0000008554280309	0.0000015858416109	0.0000000000000000	0.0000000000000000	0.0000000000000000	0.0000000000000000	-0.0000000192958996	0.0000006834960829	0.0000000000000000	0.0000000000000000	0.0000000000000000	0.0000000000000000	-0.0000000076923558	0.0000008533556118	0.0000000000000000	0.0000000000000000	0.0000000000000000	0.0000000000000000	0.0000001747720526	0.0000014437188974	0.0000000000000000	0.0000000000000000	0.0000000000000000	0.0000000000000000	-0.0000002562967039	0.0000011615580303	0.0000000000000000	0.0000000000000000	0.0000000000000000	0.0000000000000000	0.0000000000000000	0.0000000000000008	0.0000000000000000	0.0000000000000000	0.0000000000000000	0.0000000000000000	-0.0000002709627422	0.0000002704207766	0.0000000000000000	0.0000000000000000	0.0000000000000000	0.0000000000000000	-0.0000001062164563	0.0000008413439059	0.0000000000000000	0.0000000000000000	0.0000000000000000	0.0000000000000000	0.0000003626331103	0.0000021231839229	0.0000000000000000	
